route_id,agency_id,route_short_name,route_long_name,route_desc,route_type,route_color,route_text_color
116,2360001000457,18,首里駅線,,3,,
139,2360001000457,32,コンベンションセンター線（真志喜経由：那覇バスターナミル発）,,3,,
189,2360001000457,22,名護・うるま線（本線：中部病院発）,,3,,
190,2360001000457,22,名護・うるま線（本線：名護BT発）,,3,,
191,2360001000457,27,屋慶名線（美栄橋経由：那覇バスターミナル発）,,3,,
192,2360001000457,27,屋慶名線（美栄橋経由：屋慶名バスターミナル発）,,3,,
193,2360001000457,27,屋慶名線（下り：久茂地経由）,,3,,
194,2360001000457,27,屋慶名線（上り：久茂地経由）,,3,,
195,2360001000457,27,屋慶名線（下り：久茂地・具志川高校経由）,,3,,
196,2360001000457,27,屋慶名線（上り：久茂地・具志川高校経由）,,3,,
205,2360001000457,34,東風平線（下り）,,3,,
206,2360001000457,34,東風平線（上り）,,3,,
207,2360001000457,35,志多伯線（下り）,,3,,
208,2360001000457,35,志多伯線（上り）,,3,,
209,2360001000457,36,糸満新里線（下り：志多伯経由）,,3,,
210,2360001000457,36,糸満新里線（上り：志多伯経由）,,3,,
211,2360001000457,36,糸満新里線（下り：富盛経由）,,3,,
212,2360001000457,36,糸満新里線（上り：富盛経由）,,3,,
213,2360001000457,39,南城線（那覇発着：那覇バスターミナル発）,,3,,
214,2360001000457,39,南城線（那覇発着：南城発）,,3,,
225,2360001000457,48,石川読谷線（下り）,,3,,
226,2360001000457,48,石川読谷線（上り）,,3,,
231,2360001000457,52,与勝線（美栄橋経由：那覇発）,,3,,
232,2360001000457,52,与勝線（美栄橋経由：屋慶名発）,,3,,
233,2360001000457,52,与勝線（久茂地経由：那覇発）,,3,,
234,2360001000457,52,与勝線（久茂地経由：屋慶名発）,,3,,
235,2360001000457,61,前原線（サンエーパルコシティ発）,,3,,
236,2360001000457,61,前原線（屋慶名バスターミナル発）,,3,,
290,2360001000457,40,大里線（那覇バスターミナル発）,,3,,
291,2360001000457,40,大里線（南城市発）,,3,,
328,2360001000457,339,南城～結の街線（パルコ発着：パルコ発　開南経由）,,3,,
364,2360001000457,339,南城～結の街線（パルコ発着：南城発・開南経由）,,3,,
372,2360001000457,80,与那城線（下り）,,3,,
408,2360001000457,777,急行バス（屋慶名）線（下り）,,3,,
409,2360001000457,777,急行バス（屋慶名）線（上り）,,3,,
415,2360001000457,92,那覇～イオンモール線（下り）,,3,,
416,2360001000457,92,那覇～イオンモール線（上り）,,3,,
417,2360001000457,93,屋慶名～イオンモール線（下り）,,3,,
418,2360001000457,93,屋慶名～イオンモール線（上り）,,3,,
431,2360001000457,100,津嘉山線（下り）,,3,,
432,2360001000457,100,津嘉山線（上り）,,3,,
433,2360001000457,127,屋慶名高速線（下り）,,3,,
434,2360001000457,127,屋慶名高速線（上り）,,3,,
435,2360001000457,200,糸満おもろまち線（下り）,,3,,
436,2360001000457,200,糸満おもろまち線（上り）,,3,,
437,2360001000457,227,屋慶名おもろまち線（下り）,,3,,
438,2360001000457,227,屋慶名おもろまち線（上り）,,3,,
439,2360001000457,235,志多伯おもろまち線（下り）,,3,,
440,2360001000457,235,志多伯おもろまち線（上り）,,3,,
489,2360001000457,385,サンエーパルコシティ線（久茂地経由：那覇バスターミナル発）,,3,,
490,2360001000457,385,サンエーパルコシティ線（久茂地経由：那覇バスターミナル向け）,,3,,
546,2360001000457,385,サンエーパルコシティ線（美栄橋経由：那覇バスターミナル発）,,3,,
547,2360001000457,385,サンエーパルコシティ線（美栄橋経由：那覇バスターミナル向け）,,3,,
606,2360001000457,27,屋慶名線（豊見城営業所発着：豊見城営業所発）,,3,,
607,2360001000457,27,屋慶名線（豊見城営業所発着：屋慶名バスターミナル発）,,3,,
608,2360001000457,32,コンベンションセンター線（あしびなー・真志喜経由：豊見城営業所発）,,3,,
609,2360001000457,32,コンベンションセンター線（あしびなー・真志喜経由：コンベンションセンター発）,,3,,
610,2360001000457,43,北谷線（あしびなー・真志喜経由：豊見城営業所発）,,3,,
611,2360001000457,43,北谷線（あしびなー・真志喜経由：北谷発）,,3,,
612,2360001000457,39,南城線（豊見城営業所発着：豊見城営業所発）,,3,,
613,2360001000457,39,南城線（豊見城営業所発着：南城発）,,3,,
630,2360001000457,309,大里～結の街線（パルコシティ発着：パルコ発）,,3,,
631,2360001000457,309,大里～結の街線（パルコシティ発着：南城発）,,3,,
634,2360001000457,334,国立劇場おきなわ線（パルコシティ発）,,3,,
635,2360001000457,334,国立劇場おきなわ線（パルコシティ発着：糸満発）,,3,,
636,2360001000457,339,南城～結の街線（結の街発着：結の街発・開南経由）,,3,,
637,2360001000457,339,南城～結の街線（結の街発着：結の街発・壺川経由）,,3,,
638,2360001000457,339,南城～結の街線（結の街発着：南城発・壺川経由）,,3,,
649,2360001000457,LIM-C,空港リムジンバス（空港発）,現金でご乗車頂くことができませんので、事前に乗車券をお買い求めください。乗車券は、那覇空港国内線到着ロビー内のリムジンバス案内センター、および那覇バスターミナルと各立ち寄り先ホテル等で販売しております。,3,008000,000000
650,2360001000457,LIM-CD,空港リムジンバス（空港発）,現金でご乗車頂くことができませんので、事前に乗車券をお買い求めください。乗車券は、那覇空港国内線到着ロビー内のリムジンバス案内センター、および那覇バスターミナルと各立ち寄り先ホテル等で販売しております。,3,FF5555,000000
723,2360001000457,LIM-B,空港リムジンバス（空港発）,現金でご乗車頂くことができませんので、事前に乗車券をお買い求めください。乗車券は、那覇空港国内線到着ロビー内のリムジンバス案内センター、および那覇バスターミナルと各立ち寄り先ホテル等で販売しております。,3,00AAD4,000000
725,2360001000457,LIM-B,空港リムジンバス（ホテル発）,現金でご乗車頂くことができませんので、事前に乗車券をお買い求めください。乗車券は、那覇空港国内線到着ロビー内のリムジンバス案内センター、および那覇バスターミナルと各立ち寄り先ホテル等で販売しております。,3,00AAD4,000000
726,2360001000457,LIM-C,空港リムジンバス（ホテル発）,現金でご乗車頂くことができませんので、事前に乗車券をお買い求めください。乗車券は、那覇空港国内線到着ロビー内のリムジンバス案内センター、および那覇バスターミナルと各立ち寄り先ホテル等で販売しております。,3,008000,000000
727,2360001000457,LIM-D,空港リムジンバス（ホテル発）,現金でご乗車頂くことができませんので、事前に乗車券をお買い求めください。乗車券は、那覇空港国内線到着ロビー内のリムジンバス案内センター、および那覇バスターミナルと各立ち寄り先ホテル等で販売しております。,3,8D5FD3,000000
728,2360001000457,LIM-DE,空港リムジンバス（空港発）,現金でご乗車頂くことができませんので、事前に乗車券をお買い求めください。乗車券は、那覇空港国内線到着ロビー内のリムジンバス案内センター、および那覇バスターミナルと各立ち寄り先ホテル等で販売しております。,3,FF6600,000000
729,2360001000457,LIM-DE,空港リムジンバス（ホテル発）,現金でご乗車頂くことができませんので、事前に乗車券をお買い求めください。乗車券は、那覇空港国内線到着ロビー内のリムジンバス案内センター、および那覇バスターミナルと各立ち寄り先ホテル等で販売しております。,3,FF6600,000000
739,2360001000457,22,名護・うるま線（豊原・高校経由：中部病院発）,R5.7.8新設,3,,
770,2360001000457,32,コンベンションセンター線（あしびなー・パルコシティ経由：豊見城営業所発）,,3,,
771,2360001000457,32,コンベンションセンター線（あしびなー・パルコシティ経由：コンベンションセンター発）,,3,,
776,2360001000457,43,北谷線（あしびなー・パルコシティ経由：北谷発）,,3,,
790,2360001000457,339,南城～結の街線（パルコ発着：南城発・壺川経由）,,3,,
791,2360001000457,335,志多伯パルコシティ線（糸満向け）,,3,,
792,2360001000457,335,志多伯パルコシティ線（パルコ向け）,,3,,
802,2360001000457,LIM-CD,空港リムジンバス（ホテル発）,現金でご乗車頂くことができませんので、事前に乗車券をお買い求めください。乗車券は、那覇空港国内線到着ロビー内のリムジンバス案内センター、および那覇バスターミナルと各立ち寄り先ホテル等で販売しております。,3,FF5555,000000
810,2360001000457,,空港北谷ノンストップバス,,3,,
811,2360001000457,,空港北谷ノンストップバス,,3,,
832,2360001000457,132,空港コンベンションセンター線（本線：空港発）,,3,,
833,2360001000457,132,空港コンベンションセンター線（本線：コンベンションセンター発）,,3,,
834,2360001000457,77,名護東線（本線：屋慶名発）,,3,,
835,2360001000457,77,名護東線（本線：名護発）,,3,,
836,2360001000457,77,名護東線（豊原・名護高校経由：屋慶名発）,,3,,
837,2360001000457,77,名護東線（豊原経由：屋慶名発）,,3,,
838,2360001000457,77,名護東線（豊原経由：名護発）,,3,,
839,2360001000457,77,名護東線（平敷屋経由：屋慶名発）,,3,,
840,2360001000457,77,名護東線（平敷屋経由：名護発）,,3,,
841,2360001000457,143,空港北谷線（本線：空港発）,,3,,
842,2360001000457,143,空港北谷線（本線：北谷発）,,3,,
843,2360001000457,143,空港北谷線（パルコ経由：空港発）,,3,,
844,2360001000457,143,空港北谷線（パルコ経由：北谷発）,,3,,
850,2360001000457,LIM-A,空港リムジンバス（空港発）,現金でご乗車頂くことができませんので、事前に乗車券をお買い求めください。乗車券は、那覇空港国内線到着ロビー内のリムジンバス案内センター、および那覇バスターミナルと各立ち寄り先ホテル等で販売しております。,3,FF2A7F,000000
851,2360001000457,LIM-A,空港リムジンバス（ホテル発）,現金でご乗車頂くことができませんので、事前に乗車券をお買い求めください。乗車券は、那覇空港国内線到着ロビー内のリムジンバス案内センター、および那覇バスターミナルと各立ち寄り先ホテル等で販売しております。,3,FF2A7F,000000
876,2360001000457,,北谷アドベンチャーハイウェイバス（ジャングリア・美ら海水族館）北谷発,現金でご乗車頂くことができませんので、事前に乗車券をお買い求めください。乗車券は北谷ゲートウェイHPよりご購入いただけます。,3,,
877,2360001000457,,"北谷アドベンチャーハイウェイバス（ジャングリア・美ら海水族館） 記念公園・ジャングリア発",現金でご乗車頂くことができませんので、事前に乗車券をお買い求めください。乗車券は北谷ゲートウェイHPよりご購入いただけます。,3,,
